12 17 23 25 34 38
04 10 13 21 22 38
01 05 28 31 44 45
04 12 25 39 42 44
07 17 20 22 29 44
03 17 38 39 41 44
01 18 23 24 40 41
01 04 19 21 24 35
22 26 37 40 42 44
01 09 15 27 33 43
11 13 18 19 31 45
14 20 30 33 41 43
05 06 09 23 27 35
14 24 32 34 36 45
04 12 17 19 23 34
19 23 26 37 38 41
10 19 30 35 39 45
08 09 15 18 27 30
03 07 29 31 34 43
02 11 15 32 40 44
27 36 39 43 44 45
04 07 19 24 32 38
13 14 17 24 28 43
04 07 16 27 40 41
03 08 25 37 40 42
09 13 17 22 26 33
01 05 09 14 30 31
09 13 19 21 27 30
02 08 17 20 29 39
03 13 14 26 30 34
08 14 19 30 33 35
19 30 34 38 42 44
04 06 11 13 24 31
06 18 21 22 37 45
04 08 17 23 27 34
01 06 10 29 32 41
09 10 12 22 27 41
02 04 27 28 31 36
01 10 11 24 32 37
05 06 24 33 42 45
01 09 18 28 36 44
12 26 27 33 36 37
04 07 09 10 30 40
02 07 14 28 42 45
01 05 13 27 40 45
05 07 18 26 30 36
02 10 14 19 23 37
05 19 27 32 41 45
12 31 32 34 35 43
01 05 14 16 36 38
18 23 24 26 29 33
05 16 19 23 29 37
08 10 12 29 30 42
17 19 21 23 36 40
03 07 15 27 41 45
04 11 19 25 32 40
08 19 25 31 37 40
05 10 13 19 25 44
01 14 19 26 41 42
12 21 23 27 31 34
06 08 13 17 20 34
14 21 24 28 31 40
06 19 38 40 41 44
03 06 12 22 26 35
04 10 13 22 38 42
12 18 31 34 35 42
07 11 18 28 34 43
04 12 24 33 39 43
02 03 06 16 41 44
01 07 08 09 36 40
02 05 11 16 30 34
07 20 23 25 26 39
11 22 24 33 38 43
03 09 13 20 30 34
06 16 28 29 39 44
06 09 14 30 33 42
06 07 22 32 36 39
04 15 17 23 29 43
10 20 24 27 28 29
03 10 22 23 25 43
10 11 22 29 37 40
09 18 25 26 27 29
11 26 28 34 36 37
09 15 20 30 31 33
10 11 26 29 33 38
06 11 16 18 27 41
10 21 23 25 35 38
03 18 24 29 30 35
18 19 25 26 29 39
13 16 25 34 37 41
05 14 22 26 29 39
05 09 17 18 19 22
02 17 19 27 31 36
06 14 19 38 43 44
18 20 24 40 42 45
06 20 22 26 43 44
04 13 32 35 40 42
22 25 35 36 38 39
02 04 17 24 31 40
08 11 13 23 24 28
03 05 06 07 34 40
02 18 22 30 32 43
15 19 20 26 34 39
06 08 23 32 33 41
25 27 29 33 37 38
06 18 22 24 36 39
04 07 15 28 34 37
02 03 27 28 34 43
22 26 33 34 38 42
02 07 08 10 28 44
12 26 28 29 39 43
03 08 09 25 27 28
07 15 20 29 31 38
08 10 14 19 26 34
13 14 16 19 20 23
08 09 24 27 40 45
09 16 18 38 41 45
02 21 32 37 38 42
26 31 32 37 43 45
05 06 29 30 37 38
03 08 10 24 27 28
07 10 18 31 39 43
19 34 37 39 41 44
18 22 24 29 41 45
05 16 17 28 31 38
12 24 25 33 40 44
03 08 22 28 33 42
16 18 28 36 37 45
15 17 18 33 34 44
03 22 25 29 33 40
01 03 11 12 22 36
16 17 24 28 30 36
11 19 30 36 38 40
10 12 13 22 26 40
05 06 22 27 34 37
08 10 11 28 42 45
08 14 18 21 44 45
11 12 13 16 29 31
12 16 17 18 26 34
03 13 17 18 23 34
10 20 22 24 27 42
01 03 11 14 23 29
18 27 32 35 41 44
12 19 27 39 42 45
02 06 11 13 15 38
01 20 24 36 43 45
06 12 19 21 25 45
04 12 17 29 35 44
14 18 31 34 39 44
18 19 22 28 41 42
11 12 20 26 28 42
07 08 09 34 40 43
01 12 14 36 39 43
02 14 30 38 39 45
06 22 24 28 30 37
06 26 34 35 39 42
02 18 31 33 36 41
09 18 19 20 31 45
17 22 26 30 33 35
04 06 11 18 24 25
07 12 13 17 25 30
06 18 22 25 31 37
06 18 28 32 34 35
20 23 26 27 32 34
12 14 24 26 30 40
04 12 18 21 25 41
06 27 28 30 37 44
07 09 16 19 24 33
08 10 12 21 25 40
03 05 11 18 24 29
08 13 20 21 25 28
11 18 23 25 28 35
02 04 12 23 37 45
07 28 29 39 42 45
01 06 07 22 31 39
06 08 26 34 40 41
01 03 11 15 27 30
07 16 20 26 30 34
01 14 22 26 35 42
02 10 11 32 40 44
01 07 16 27 29 34
01 03 10 11 16 44
21 28 34 35 41 44
03 22 24 25 31 37
10 19 31 35 42 44
04 14 32 35 36 40
01 08 14 16 19 22
09 22 33 34 35 44
17 27 28 30 33 41
19 21 22 23 25 44
01 20 21 23 26 33
01 08 14 24 31 40
12 15 19 38 40 45
08 16 21 31 35 38
02 09 13 29 33 40
11 13 14 22 30 38
09 11 12 22 27 29
01 04 06 13 37 41
03 04 06 38 39 43
01 02 05 09 23 24
22 24 25 30 33 38
11 12 33 36 39 43
01 11 17 25 29 35
05 11 18 33 37 41
03 22 26 27 30 44
11 12 14 25 29 31
01 10 15 24 37 45
07 10 18 25 44 45
01 07 13 23 32 42
05 12 15 16 25 35
15 23 29 31 38 43
01 13 17 20 30 45
02 07 14 24 40 41
04 14 20 27 32 43
05 24 31 32 42 45
05 16 24 26 34 44
05 10 15 19 38 42
05 06 16 18 24 42
02 07 17 24 29 37
01 03 06 13 18 41
05 17 21 27 34 40
09 12 22 24 30 42
02 19 26 27 30 37
03 05 19 28 31 38
04 11 18 33 34 45
02 07 25 36 38 43
08 10 26 28 32 34
07 11 14 30 35 42
03 12 15 16 17 44
04 13 20 34 35 37
07 11 21 25 30 44
01 04 05 12 17 21
08 11 13 20 41 43
04 07 12 13 20 45
01 02 14 15 16 30
04 24 28 30 33 43
18 23 24 27 33 41
01 06 14 31 35 44
13 27 30 38 39 41
01 07 08 31 34 45
05 23 25 30 35 38
01 08 13 17 21 43
17 28 29 33 34 35
06 16 18 29 39 43
02 11 19 27 30 42
01 13 16 22 23 35
02 03 31 33 35 40
11 12 14 23 29 32
12 18 19 27 35 42
05 06 07 12 23 30
02 05 12 35 41 43
04 08 22 25 37 39
11 13 15 26 27 41
02 06 22 25 35 36
10 11 21 23 26 37
02 12 16 36 37 45
06 07 19 29 31 36
02 04 11 15 35 40
01 04 19 21 23 39
03 08 11 27 32 36
01 05 09 10 33 41
11 25 37 40 41 45
05 20 22 25 28 32
02 07 25 29 39 45
19 21 30 31 37 43
02 18 21 23 30 31
01 02 06 07 16 27
16 18 24 26 40 44
02 03 07 25 33 34
10 11 16 22 28 35
09 12 23 26 28 43
07 08 10 24 33 44
20 22 25 39 44 45
05 14 16 22 25 33
05 14 16 24 42 43
06 12 15 19 25 45
11 18 20 22 25 26
06 10 21 30 43 45
01 05 13 31 32 43
11 19 26 28 30 42
01 04 07 09 25 31
13 20 22 24 33 34
06 14 15 19 31 39
02 07 18 21 24 33
06 08 17 20 21 31
06 07 12 17 19 24
07 08 15 20 24 31
01 04 12 14 19 30
05 06 22 23 25 44
05 07 14 16 29 40
01 09 11 23 30 37
02 04 13 15 26 31
06 09 11 26 28 36
21 25 29 32 34 35
02 15 17 25 30 38
08 09 28 33 35 43
03 09 13 17 19 20
07 12 24 29 31 45
03 06 21 36 38 39
09 14 22 26 44 45
06 09 11 28 37 44
02 09 12 18 21 23
02 06 07 25 28 41
02 09 24 25 30 36
01 06 17 30 44 45
03 12 21 24 28 32
06 12 14 27 28 36
06 22 28 31 37 40
01 04 23 28 41 42
04 14 15 22 28 39
01 03 08 15 38 40
02 09 21 23 32 41
04 07 09 22 32 37
01 19 29 30 40 42
02 05 08 12 29 38
06 11 20 30 37 40
28 30 32 38 44 45
03 15 22 23 38 43
04 16 19 30 32 44
04 14 21 28 32 36
17 19 24 30 31 40
02 13 27 33 40 41
06 07 14 31 39 44
10 21 22 24 43 44
01 09 10 19 30 38
05 21 24 28 29 34
03 05 13 19 20 33
14 15 16 17 19 34
03 14 16 27 31 35
16 19 24 30 32 35
02 20 26 35 43 45
12 20 30 31 34 44
01 02 08 27 29 39
02 08 09 25 26 40
03 13 15 16 22 36
08 09 12 19 22 25
01 09 16 27 38 45
09 10 11 18 22 36
10 18 25 26 36 43
02 07 10 12 33 43
07 12 21 24 35 43
08 10 23 26 37 38
01 15 17 26 32 44
05 11 12 26 44 45
02 04 10 21 25 43
10 18 24 35 41 43
07 12 17 21 35 45
02 08 19 31 38 44
08 26 28 37 40 42
01 04 19 25 35 39
01 15 16 34 36 42
04 05 09 25 33 37
03 10 16 24 39 44
08 09 20 25 30 40
01 04 16 32 35 38
09 19 24 37 38 45
06 11 15 33 40 44
01 04 18 22 26 35
05 13 16 20 24 35
04 14 24 32 36 43
01 04 14 36 37 41
01 16 23 25 30 38
13 15 22 28 29 41
01 06 16 23 34 42
02 10 12 20 24 39
02 19 23 27 29 38
01 06 07 13 26 39
01 07 17 24 35 41
06 09 10 16 26 42
03 13 17 19 21 43
12 16 29 35 37 44
08 13 20 28 35 45
04 07 11 17 19 31
06 21 30 37 38 45
08 23 29 37 39 44
02 10 19 22 24 29
26 31 33 37 38 45
01 06 10 35 36 45
07 10 23 36 39 44
10 31 37 39 40 43
05 25 30 36 37 41
01 08 11 13 15 32
06 07 16 37 40 44
05 18 29 32 38 44
03 18 25 29 30 44
01 03 07 12 22 25
07 09 23 32 33 37
06 20 21 35 40 45
03 12 13 28 33 36
02 04 21 30 33 37
01 08 15 23 25 39
03 08 19 28 35 41
01 29 30 32 34 35
06 15 29 30 37 42
04 10 23 26 35 37
01 06 13 27 35 40
01 15 17 19 40 43
10 13 22 28 38 43
06 07 11 16 23 44
02 11 23 25 26 35
05 16 22 27 30 31
19 22 24 41 44 45
07 16 28 33 34 45
04 12 17 19 32 45
07 09 13 33 40 44
07 17 18 32 39 40
09 23 27 30 38 41
04 15 24 36 37 41
10 13 14 26 32 33
04 05 17 18 22 36
05 08 10 17 22 31
14 15 17 21 31 38
18 20 22 33 35 39
02 15 21 27 31 35
10 11 18 19 20 45
04 10 18 20 32 45
01 13 14 19 42 45
09 13 18 24 26 42
04 25 31 35 39 41
05 15 21 39 43 45
06 14 26 41 42 43
04 09 19 29 36 41
06 09 12 17 41 42
14 18 19 32 33 38
17 26 35 40 43 44
11 13 14 43 44 45
07 21 34 38 43 44
09 18 21 24 34 41
02 05 06 20 33 39
07 20 36 37 43 45
07 08 26 30 37 43
10 14 19 25 36 39
02 18 24 28 35 42
10 11 14 23 27 37
06 08 18 19 29 33
08 10 14 16 18 24
07 16 20 30 40 41
01 06 19 29 31 44
19 21 34 35 36 39
04 11 13 16 17 33
20 23 28 37 40 44
05 20 29 30 38 40
10 19 21 23 27 33
05 07 09 13 15 16
02 08 17 23 30 41
14 20 22 35 44 45
01 12 26 31 37 38
02 05 31 32 42 44
09 11 21 31 32 37
09 16 19 25 26 39
13 15 25 26 28 34
15 19 23 30 33 39
12 18 28 31 40 45
04 07 23 32 43 44
04 14 16 23 24 27
01 14 25 26 30 40
04 11 26 36 38 41
05 10 16 23 34 45
11 19 30 38 41 45
01 04 07 15 35 45
04 05 14 18 23 43
06 21 27 30 32 44
03 08 11 13 26 38
19 24 30 32 36 37
03 12 14 16 23 33
04 10 12 17 20 35
08 22 23 33 34 36
14 16 21 29 40 41
18 19 21 31 39 44
02 17 24 29 31 37
09 16 17 24 32 40
01 05 07 08 25 40
01 09 12 13 37 43
06 07 14 18 37 43
04 05 07 10 25 39
03 05 33 37 41 43
11 21 24 27 29 37
16 24 27 31 36 43
23 24 25 35 37 39
10 12 20 36 41 44
10 11 22 27 36 41
04 09 14 23 32 38
15 18 28 30 34 44
07 11 17 31 35 40
06 12 15 22 33 39
03 11 17 19 34 39
01 13 20 26 35 37
10 16 24 26 30 32
04 31 34 36 40 43
22 27 30 35 40 45
08 19 22 25 32 35
10 11 22 32 38 43
19 20 21 28 33 41
04 06 10 13 26 43
04 05 32 39 40 42
07 20 29 30 40 45
01 06 07 20 28 43
08 09 23 25 31 32
01 07 11 28 41 44
06 07 08 29 35 39
04 06 07 11 34 41
07 09 14 23 35 41
02 08 31 32 42 44
01 04 07 15 41 42
08 13 18 19 21 24
03 13 18 21 39 44
03 18 21 22 36 44
12 19 22 23 34 44
06 07 22 24 27 37
02 13 19 33 40 43
11 13 19 27 37 41
04 05 25 28 29 42
01 20 28 37 40 44
09 11 13 21 27 41
04 12 25 28 33 45
05 14 15 19 25 33
05 11 17 34 38 42
01 09 11 32 34 42
06 11 26 28 36 41
05 06 24 34 36 37
08 09 11 31 36 39
07 14 23 26 37 39
02 11 15 18 23 42
23 26 40 41 43 44
02 04 06 36 41 42
01 05 09 16 42 44
05 20 27 30 38 43
13 15 19 25 33 34
03 04 08 17 19 37
03 23 27 32 34 39
11 12 16 18 33 35
08 09 11 28 30 39
07 09 15 23 26 27
03 12 19 27 32 35
13 16 18 22 34 39
08 19 21 28 32 44
21 39 40 41 43 45
03 04 20 21 36 41
07 08 30 35 40 44
03 14 20 22 37 44
10 20 21 27 33 34
01 07 16 24 27 37
09 15 22 27 34 42
03 11 16 20 24 30
13 23 33 37 40 43
03 12 23 29 33 34
04 28 37 38 40 42
11 14 22 26 29 44
01 10 22 36 38 45
02 15 33 41 44 45
07 10 19 30 40 45
10 20 22 26 31 42
19 24 31 32 35 36
05 07 10 13 14 42
02 07 18 20 24 36
08 12 13 14 32 40
03 10 12 13 36 44
11 19 24 28 31 39
10 11 28 29 40 42
10 24 27 42 43 45
04 07 20 28 33 41
03 05 06 23 24 39
05 10 29 37 42 44
02 05 06 08 10 32
01 14 15 18 32 45
03 14 15 21 26 37
01 06 13 30 34 43
04 09 17 18 28 32
02 08 15 17 19 30
04 11 22 29 37 43
01 09 18 26 41 45
03 08 19 21 25 36
08 10 12 29 34 37
19 26 31 33 41 42
10 16 19 27 28 36
04 08 17 27 32 36
06 07 18 25 40 43
01 03 05 17 22 33
04 10 11 15 24 37
01 18 21 25 27 35
06 13 33 34 40 45
06 11 18 23 32 44
15 18 25 27 29 34
04 18 28 32 36 40
10 16 22 36 43 44
04 08 21 29 33 45
11 14 17 24 29 35
06 10 15 37 39 44
06 24 28 31 36 43
05 10 19 22 36 45
01 04 07 14 16 41
13 27 34 35 36 41
06 15 16 27 36 42
11 15 17 27 28 45
06 12 28 30 39 42
09 11 15 20 32 36
04 13 18 23 33 43
03 25 26 29 40 42
20 34 37 39 41 42
05 13 17 20 29 45
04 12 21 22 27 40
05 09 33 40 41 45
03 05 06 09 28 43
06 29 31 32 39 44
13 17 26 29 33 39
17 19 22 31 32 34
09 14 17 18 36 41
03 13 15 23 24 44
10 16 36 40 41 42
05 20 24 25 35 36
17 18 19 20 27 44
11 14 18 24 35 37
03 05 18 28 42 43
04 15 25 26 32 35
09 10 26 28 39 43
01 12 29 40 44 45
02 10 18 23 34 36
04 18 25 29 32 34
13 17 26 27 31 37
08 09 30 31 38 45
10 14 29 37 38 40
03 05 06 31 34 35
02 03 16 19 22 34
01 04 17 19 24 42
16 21 29 40 41 43
03 18 29 30 39 41
08 15 16 21 25 33
12 15 24 30 36 45
08 16 17 23 28 38
03 17 25 26 36 38
04 11 16 24 35 44
05 27 33 34 38 40
02 05 12 33 41 45
11 17 30 36 41 45
01 03 08 09 35 40
10 13 24 28 38 44
06 07 11 22 35 41
03 06 13 15 36 44
05 14 27 30 38 45
01 03 04 05 32 33
14 21 25 34 37 39
01 13 17 24 27 42
13 20 24 32 34 40
05 11 15 18 27 43
04 06 12 26 27 39
01 07 22 26 28 41
05 06 14 20 31 38
11 16 18 38 40 43
05 09 21 24 34 39
03 20 27 37 44 45
10 11 19 38 41 44
14 21 22 24 28 45
02 05 08 16 22 42
03 14 20 26 28 36
04 06 16 30 43 44
02 16 18 19 24 29
10 13 30 33 39 41
10 20 25 27 38 45
07 10 13 20 21 34
03 19 21 24 27 38
11 16 21 33 34 42
03 15 35 39 40 43
06 20 23 29 34 45
01 05 19 20 23 38
10 11 14 24 31 45
06 10 15 29 41 42
01 09 10 12 22 44
02 09 37 38 40 43
01 12 13 27 29 35
08 17 21 39 44 45
01 12 26 28 39 45
02 19 25 32 41 44
05 11 20 26 40 43
13 17 19 25 32 45
02 13 16 19 20 36
04 17 28 30 38 42
01 07 20 25 40 41
09 18 21 25 35 44
05 13 15 28 38 40
01 08 17 21 27 37
11 13 15 18 24 36
09 12 23 30 32 40
03 09 14 17 27 32
05 12 16 25 26 32
08 21 26 35 37 42
01 04 23 28 33 38
01 03 15 16 34 43
04 12 20 25 35 37
02 06 07 18 34 41
07 08 18 29 41 44
05 20 21 31 34 37
03 17 23 37 40 42
12 17 34 39 44 45
01 07 10 24 33 40
19 26 27 39 44 45
16 21 23 27 35 41
02 06 19 24 30 42
06 10 21 23 28 39
05 08 34 38 39 41
06 08 21 28 30 35
02 10 13 15 22 36
10 23 25 26 30 41
06 14 19 22 40 42
01 06 12 20 36 39
05 08 26 29 35 44
01 24 25 31 39 40
03 20 23 30 33 35
07 16 18 32 34 44
03 07 08 18 27 36
01 19 20 27 30 32
17 26 30 31 33 39
08 14 17 20 21 40
04 12 14 15 41 42
06 07 12 18 21 43
12 23 29 36 37 41
04 09 21 28 35 37
04 30 35 39 42 43
07 13 20 23 27 29
05 06 20 22 26 39
04 10 18 22 31 37
04 11 17 29 30 44
09 15 18 22 32 41
05 07 11 20 31 37
03 08 15 16 40 42
05 14 30 36 38 42
10 13 14 32 37 42
06 09 10 13 24 27
04 08 10 15 26 31
05 07 16 20 36 41
09 13 21 24 34 35
23 29 35 37 39 45
25 26 33 39 41 43
05 19 21 23 28 36
12 20 21 23 27 34
03 30 31 32 36 45
08 16 31 37 39 41
04 10 28 29 31 34
02 03 14 21 31 33
05 17 19 27 35 39
08 09 10 20 35 38
04 06 13 14 28 39
04 15 20 31 43 44
03 12 15 20 24 45
02 26 35 41 42 43
03 05 10 17 25 29
05 10 14 25 42 45
01 12 21 28 30 44
03 05 08 31 33 34
04 05 07 24 27 30
04 11 19 20 35 41
03 17 28 30 31 32
09 18 23 24 29 34
18 20 29 34 36 38
13 15 20 25 35 43
01 07 13 16 27 35
01 06 22 25 30 34
02 05 19 26 38 40
01 03 07 10 21 29
10 16 17 18 34 42
02 11 18 33 36 45
02 03 10 15 31 36
16 21 22 33 42 45
15 27 31 36 38 41
02 17 23 27 37 42
09 13 16 24 33 45
08 10 12 14 17 31
07 09 16 20 30 32
02 03 09 15 17 43
03 04 27 32 40 43
02 03 12 32 35 44
15 16 22 25 29 33
01 04 14 22 24 40
04 13 15 20 37 38
14 20 24 30 35 41
01 26 27 35 36 43
07 15 20 25 32 37
02 18 21 24 38 44
04 05 07 09 27 39
08 11 19 24 26 42
04 23 25 30 40 41
09 11 16 17 22 33
13 29 35 37 38 41
06 19 22 26 38 39
02 12 13 33 36 42
08 12 20 26 35 37
02 14 21 22 35 43
15 17 21 28 37 43
04 05 10 21 33 37
03 24 31 35 39 42
16 20 26 30 32 40
03 05 07 37 39 42
02 07 16 25 35 38
11 29 32 39 40 43
01 18 22 33 34 43
03 11 14 20 26 42
08 09 15 21 26 45
03 07 13 29 32 44
12 14 18 22 28 31
10 13 21 29 41 43
05 21 26 27 32 33
16 21 27 29 34 44
04 11 16 30 33 43
13 15 23 29 31 34
06 18 20 22 26 34
01 11 23 27 33 39
03 05 11 23 24 42
01 02 08 20 24 31
01 05 10 13 23 25
02 20 22 28 29 38
08 16 22 23 28 38
01 10 16 22 35 44
04 09 16 26 28 42
13 14 29 33 38 43
10 22 26 27 33 43
09 11 24 31 36 44
10 13 22 25 28 36
03 05 13 22 36 44
10 28 29 31 33 37
11 19 23 28 34 35
05 07 12 22 26 33
02 07 10 21 28 35
05 08 10 15 17 41
06 14 15 18 24 41
06 16 18 25 34 45
03 06 12 28 29 43
01 09 10 15 30 42
02 24 36 38 42 43
04 08 12 15 19 43
09 14 22 29 39 41
12 15 25 30 34 39
04 07 27 28 32 43
08 16 23 27 32 41
08 17 20 25 33 36
10 27 37 40 42 43
02 04 07 10 20 44
01 02 22 30 37 42
01 04 07 09 34 37
05 11 25 33 42 44
07 09 23 24 33 36
18 23 28 29 39 44
22 28 31 35 36 38
04 30 31 33 35 45
07 08 09 13 15 27
02 06 08 09 15 27
07 08 13 37 42 44
02 06 13 20 28 44
03 09 10 27 35 38
08 10 17 19 24 41
09 11 15 28 33 44
08 10 19 25 35 44
06 13 19 20 37 44
04 09 10 22 41 44
03 11 14 19 21 43
03 15 19 35 36 43
01 07 14 16 34 44
15 16 23 25 40 41
05 18 22 40 41 44
02 28 31 37 41 44
24 26 32 37 38 41
03 04 08 18 21 33
07 13 19 35 37 38
10 14 15 20 24 45
04 06 07 25 26 30
04 08 24 31 42 45
02 05 20 23 31 38
03 05 08 17 37 41
01 12 24 27 36 44
05 09 12 20 37 42
14 16 27 28 33 41
19 24 27 31 33 43
04 05 13 19 27 37
01 07 16 18 21 29
06 10 19 37 43 45
09 20 31 33 36 45
14 17 23 32 33 43
04 13 18 21 29 37
07 27 28 30 31 35
03 17 23 33 42 45
04 21 27 38 39 44
02 12 22 38 41 44
04 15 19 25 30 38
18 22 30 31 39 41
16 21 26 29 30 45
09 15 23 33 35 40
05 07 25 31 39 41
12 19 21 22 34 38
07 08 22 23 30 42
05 14 18 19 29 31
08 18 30 32 38 45
24 27 30 37 44 45
13 17 20 28 30 33
09 14 16 19 28 41
01 33 38 39 44 45
03 04 12 18 19 29
06 08 14 29 39 42
04 05 10 18 27 40
02 04 07 09 12 13
02 03 05 07 10 38
06 10 15 36 39 43
03 06 20 39 40 41
02 16 17 18 20 23
04 08 23 27 30 36
03 12 22 30 37 39
02 08 24 27 30 43
02 11 13 16 41 43
07 17 21 32 40 45
18 19 24 28 33 40
04 16 22 28 33 39
05 10 30 40 44 45
01 11 16 39 40 45
04 05 09 27 34 39
02 07 18 20 24 29
04 16 21 24 26 37
10 13 14 19 35 40
04 06 13 25 31 41
07 10 14 21 26 37
05 07 15 21 32 45
01 03 15 16 23 28
02 07 09 13 22 38
01 13 16 18 23 25
07 20 23 27 31 33
01 04 10 13 14 44
02 04 10 15 27 31
02 03 12 16 30 37
16 20 25 26 36 41
01 03 19 20 26 34
15 18 20 23 37 39
05 18 22 34 41 45
04 06 15 23 25 36
09 22 24 32 38 39
05 10 14 21 27 32
12 14 16 21 29 32
18 19 20 29 41 42
11 15 16 17 42 43
09 10 11 17 41 44
03 07 11 20 28 44
01 05 10 11 20 40
03 07 18 20 31 33
05 15 16 21 22 32
02 12 14 16 34 38
01 02 05 24 40 43
08 16 23 34 36 39
16 20 22 35 37 39
13 14 23 25 34 44
09 14 19 20 29 40
09 16 29 31 33 42
03 04 15 18 36 45
10 12 18 19 29 43
10 11 20 27 39 43
02 08 19 20 24 42
14 19 21 36 43 44
08 15 20 24 43 44
11 20 22 23 26 31
07 27 30 36 39 45
08 19 22 27 31 35
03 23 25 29 36 41
09 11 15 35 38 41
01 15 29 31 32 34
09 15 21 29 33 39
17 21 24 25 39 42
07 18 31 33 35 41
08 09 11 12 40 44
06 10 16 20 40 42
05 19 20 21 24 40
02 08 14 19 24 42
04 17 19 27 28 36
05 07 10 12 15 26
01 10 21 25 32 39
20 22 24 26 28 37
03 10 17 20 22 27
11 15 34 39 41 43
02 26 28 40 41 45
04 12 19 23 36 41
01 13 25 30 34 40
09 11 16 29 31 33
01 03 05 26 30 42
08 14 26 28 43 45
05 06 11 20 24 45
01 14 22 28 32 42
06 29 31 35 42 44
04 07 25 34 35 38
05 12 13 17 40 41
07 11 14 22 29 34
14 18 22 29 36 37
03 11 15 17 24 35
02 10 30 33 34 40
06 17 18 26 43 45
07 12 16 29 42 45
09 16 26 27 32 41
02 03 20 21 32 33
07 21 36 38 40 45
07 21 30 33 38 39
02 03 25 34 35 38
01 13 14 22 23 37
07 09 17 20 25 29
01 13 14 21 27 43
10 12 14 16 21 39
02 10 13 22 30 34
12 13 31 38 42 43
03 05 06 09 32 45
03 11 13 21 24 34
08 22 27 29 39 43
05 19 25 35 37 39
02 03 10 22 41 43
02 14 15 17 23 40
04 09 11 14 19 27
04 21 25 27 35 39
04 08 15 23 31 40
02 07 13 23 25 45
11 25 28 33 34 45
15 19 24 25 27 39
04 05 28 32 37 42
01 02 08 13 26 34
10 24 25 26 30 41
03 16 17 18 25 37
08 12 17 23 26 27
03 07 11 16 19 35
09 11 19 29 31 44
08 10 29 30 33 40
04 06 16 32 41 44
05 23 25 28 30 43
11 18 24 34 38 43
04 23 33 38 40 44
04 08 22 23 26 45
23 24 36 37 40 45
11 17 25 26 28 29
09 18 33 37 38 43
09 10 11 16 21 30
01 10 20 25 34 35
09 10 23 25 28 38
07 08 20 27 32 34
18 20 28 31 39 45
01 13 21 25 31 39
02 04 12 16 18 42
09 14 19 34 37 41
01 04 16 18 20 32
11 19 22 29 40 44
06 14 15 24 26 39
17 18 19 33 35 37
01 06 09 21 43 44
16 22 23 30 34 41
04 13 28 33 35 38
07 08 09 15 22 30
07 13 26 28 35 41
06 10 15 17 40 42
04 05 17 25 39 41
02 15 19 26 34 36
30 31 33 38 42 43
02 07 15 18 24 33
05 25 28 32 36 41
03 08 10 26 34 37
06 11 19 23 34 37
06 12 27 34 41 42
03 11 28 32 33 35
04 08 27 28 35 36
13 14 19 20 30 33
20 23 28 36 40 42
10 23 25 27 31 37
01 06 18 25 39 44
03 07 16 17 41 42
05 06 11 23 31 36
08 10 21 32 39 44
07 14 33 36 42 43
14 18 20 22 34 45
11 19 26 28 29 43
07 10 13 17 21 45
04 14 19 23 24 37
13 19 20 22 24 37
06 23 24 25 26 34
22 27 28 31 37 44
03 10 31 32 34 40
18 21 28 29 33 45
04 13 20 29 32 37
20 22 23 32 35 40
01 04 05 16 20 22
01 02 03 11 25 37
11 15 18 27 34 37
03 07 11 12 13 40
03 23 28 35 39 42
08 13 31 36 37 40
11 17 29 31 38 42
04 16 24 29 31 37
01 14 15 19 38 40
05 14 15 21 33 36
06 21 24 31 42 44
12 15 33 35 37 45
15 17 25 29 33 35
07 14 19 24 34 36
08 14 18 26 34 42
01 13 24 26 27 37
02 10 17 23 29 33
03 07 29 36 37 44
01 10 20 22 23 36
03 07 12 16 26 34
06 09 12 21 28 33
15 16 24 27 31 44
08 13 20 25 28 39
01 10 13 24 25 33
05 08 19 31 34 43
14 20 25 28 36 40
06 12 21 27 34 41
02 07 15 37 41 42
02 03 17 33 37 38
02 04 08 28 42 44
02 09 12 14 41 44
02 06 08 10 23 33
02 12 22 31 34 35
05 06 10 19 32 38
03 21 26 29 32 33
01 07 11 22 31 34
05 08 09 11 20 29
02 15 16 32 42 45
15 20 22 29 32 36
04 06 09 14 25 41
04 05 25 27 35 39
08 16 22 27 31 34
07 19 31 39 42 43
06 08 10 27 28 32
11 19 26 28 35 40
01 06 10 11 25 29
04 09 19 20 30 42
10 12 15 17 24 33
02 13 15 16 18 20
10 11 14 16 21 29
08 24 30 33 42 45
10 22 32 37 41 43
08 11 12 20 25 32
10 11 30 33 44 45
19 26 30 32 36 42
07 11 13 16 28 30
02 12 14 16 38 45
12 23 27 28 29 43
31 32 34 41 42 45
05 06 08 09 36 45
17 24 25 30 35 39
05 07 22 28 29 34
14 15 33 38 42 45
08 14 15 22 31 34
02 13 24 25 28 38
03 05 06 13 18 22
05 08 11 22 41 44
01 13 14 26 37 43
13 14 18 25 30 32
05 08 12 16 28 32
05 20 21 22 29 44
05 07 14 26 29 44
07 12 23 34 42 43
04 08 09 10 20 34
08 11 31 35 36 45
01 17 26 33 36 44
03 07 32 37 42 45
06 07 08 09 12 29
08 27 28 31 34 40
01 07 09 34 40 42
13 15 17 22 28 43
19 24 27 37 44 45
05 09 14 22 32 44
06 07 17 27 30 42
02 13 14 21 24 30
02 04 15 16 29 43
05 14 23 24 28 44
17 22 23 28 31 41
04 07 12 35 37 41
09 24 29 37 42 44
11 23 26 27 29 32
24 26 35 39 41 45
06 17 18 19 31 37
10 13 22 27 41 45
01 13 19 28 30 36
15 16 22 23 29 32
19 23 24 26 36 41
02 08 18 22 26 29
01 09 14 20 34 41
08 10 26 29 35 39
09 14 26 30 44 45
10 23 25 26 27 28
12 16 21 28 34 41
07 09 21 29 41 45
05 08 13 23 36 45
07 08 30 32 33 44
11 20 22 24 43 45
09 17 22 27 35 36
06 11 14 19 21 42
07 22 24 28 42 45
11 13 14 20 37 42
24 26 29 32 37 44
20 30 34 35 38 39
01 09 12 27 39 45
02 03 06 16 26 34
05 29 30 31 36 38
05 14 24 26 37 43
03 12 14 18 29 34
11 17 20 26 27 38
13 21 26 28 31 35
10 15 28 30 35 45
05 22 27 36 43 45
15 24 26 29 31 42
04 09 27 32 38 42
01 09 10 13 37 39
02 09 20 28 32 43
03 11 18 39 40 42
02 04 10 24 35 36
03 04 14 30 32 38
14 21 23 28 44 45
01 10 20 22 41 43
06 29 30 39 42 44
07 10 18 20 24 36
17 22 24 37 42 43
03 06 09 10 30 37
11 23 25 35 38 45
04 06 17 18 28 41
02 03 06 21 28 38
03 05 17 31 32 40
12 17 19 27 28 36
08 13 18 26 36 39
03 06 07 19 30 35
29 31 32 33 34 35
05 14 22 28 32 39
08 10 11 18 23 32
04 05 25 34 39 43
04 10 16 20 28 34
01 06 18 20 29 40
15 17 18 26 31 42
16 17 25 26 28 37
05 11 12 24 28 44
02 11 24 31 32 38
18 30 34 42 43 45
07 26 35 39 41 42
03 10 31 34 36 43
03 07 12 20 30 44
02 09 18 25 30 31
03 04 20 28 39 42
13 23 27 30 37 43
16 24 29 37 40 44
03 10 15 27 41 42
15 20 31 33 34 45
09 12 19 30 40 43
08 11 18 25 28 35
04 12 19 42 43 44
02 08 15 19 30 38
02 09 17 23 39 41
07 13 26 30 34 42
08 15 20 23 31 34
02 19 23 37 42 43
01 05 23 28 29 43
07 18 22 29 30 36
03 07 13 17 38 44
08 11 13 16 28 32
05 14 24 38 41 43
01 21 36 42 43 44
06 09 12 18 29 43
15 19 31 35 43 45
04 06 16 25 27 40
01 02 07 16 31 37
01 25 35 36 37 45
07 18 22 32 37 38
02 12 21 29 35 44
01 05 07 28 31 43
08 09 17 21 36 45
08 10 21 25 31 38
01 22 23 28 39 45
02 10 21 31 34 40
02 05 15 26 39 42
01 18 23 24 29 37
09 15 16 20 22 31
02 19 20 24 33 34
04 10 16 19 27 40
16 17 30 41 42 45
01 18 21 23 30 36
02 12 14 17 39 43
02 07 13 17 42 45
06 13 16 20 23 38
15 20 35 40 44 45
08 12 31 36 42 43
04 06 07 20 28 43
01 07 19 23 26 44
04 25 28 33 34 45
07 23 24 36 38 40
04 13 20 22 23 29
02 04 08 15 17 28
16 22 23 35 44 45
01 04 06 09 13 44
02 10 12 21 32 37
06 12 13 25 31 32
16 18 19 28 31 44
11 12 20 22 31 33
04 07 11 26 42 44
14 20 33 35 36 44
08 11 22 23 38 43
05 10 22 26 31 36
16 22 24 29 35 36
05 07 13 19 38 45
05 08 18 30 37 45
06 30 34 36 37 44
02 04 23 24 35 41
02 09 23 30 32 42
05 08 23 26 38 41
07 08 10 16 28 35
01 10 11 32 39 42
21 22 33 35 36 43
01 10 19 31 36 38
07 10 15 27 33 35
02 06 15 16 17 37
20 29 33 36 41 42
12 18 22 25 31 41
04 14 15 16 17 25
04 21 25 31 41 43
07 09 14 24 38 39
09 12 28 36 37 40
04 16 17 26 34 42
03 04 10 11 27 42
08 10 15 32 35 43
06 14 20 22 23 44
04 08 13 15 27 31
16 28 29 37 40 45
02 03 14 28 41 44
04 08 09 14 25 42
02 13 17 18 31 37
13 14 24 28 30 42
01 12 16 21 24 41
03 11 26 33 36 38
13 16 19 32 36 39
14 21 26 30 34 35
03 09 17 22 27 32
05 15 30 34 37 38
07 16 20 22 24 38
05 06 16 28 35 39
06 09 19 29 30 36
03 08 19 27 41 45
03 11 17 19 30 32
09 14 31 36 41 45
02 11 18 33 42 45
20 24 25 29 40 44
06 20 21 28 30 39
01 05 13 29 32 35
13 14 22 26 37 44
09 17 23 26 42 44
06 09 11 17 35 44
07 11 29 37 43 45
09 18 30 31 39 45
12 22 24 26 31 37
03 32 33 34 39 43
12 16 36 38 41 45
13 16 27 33 41 44
02 06 21 31 36 45
06 16 24 25 38 43
03 12 20 25 27 37
02 06 11 16 28 39
02 08 19 30 36 43
03 17 20 27 31 35
15 17 22 29 33 40
07 09 13 31 35 44
06 07 15 19 36 41
06 15 18 33 40 43
07 26 31 38 43 45
04 16 17 22 32 39
03 10 11 16 33 40
03 13 15 22 36 39
01 03 12 15 37 45
06 09 27 29 35 44
16 21 23 29 34 45
09 14 22 26 27 40
12 17 20 21 36 43
14 18 20 21 26 27
04 12 31 34 38 41
01 03 10 11 18 23
07 12 26 27 41 43
10 15 16 27 33 38
02 06 12 15 25 26
03 15 18 28 33 36
02 04 13 25 31 39
02 09 24 27 30 33
01 06 20 27 31 41
15 20 29 37 40 45
10 14 36 37 41 43
