05 10 14 23 24 38
04 09 24 25 27 45
01 05 11 32 40 45
19 36 39 41 46 51
10 11 19 41 50 54
06 16 20 32 38 51
07 11 19 32 33 51
11 12 20 30 32 34
07 11 13 15 26 51
10 24 31 32 38 44
05 16 18 37 42 46
17 25 30 31 36 41
04 12 15 23 24 41
08 20 27 35 36 47
05 09 11 18 19 37
01 02 08 13 23 39
04 18 22 31 32 40
01 15 23 36 43 54
06 10 12 47 48 51
22 23 32 43 44 51
09 12 21 26 29 52
03 32 36 41 44 53
09 12 16 24 43 51
07 08 27 36 44 53
14 15 18 30 36 49
20 27 28 31 39 47
04 17 23 25 34 46
21 31 35 41 46 50
01 03 14 19 35 41
31 34 40 42 43 49
29 33 43 44 45 50
05 08 11 31 37 42
14 18 29 35 44 49
01 26 36 40 50 54
06 15 17 24 40 45
04 09 13 16 18 49
01 02 09 13 32 35
02 10 15 30 34 50
13 18 35 36 41 48
07 13 24 45 47 52
03 09 12 21 51 52
02 08 12 44 46 52
19 32 36 37 42 54
02 03 06 23 34 36
12 26 33 35 36 44
20 24 29 41 47 49
01 16 22 25 47 48
11 12 26 42 50 54
05 08 23 37 38 54
01 02 03 18 25 50
02 09 16 46 52 55
02 19 39 49 51 53
05 13 26 37 53 55
09 37 45 50 53 54
27 38 40 42 46 55
03 14 26 35 44 54
05 34 35 42 49 52
06 07 08 21 32 39
11 12 22 28 46 50
05 23 37 41 43 53
02 03 20 25 38 44
22 23 27 35 37 46
07 08 09 13 28 44
07 11 13 18 26 42
07 18 26 29 31 35
08 09 36 37 39 50
04 07 08 34 37 47
01 07 31 35 46 55
04 11 24 35 41 45
18 25 28 46 50 51
04 07 30 35 37 45
03 21 25 26 51 55
06 27 33 41 42 49
12 24 28 30 36 39
02 07 15 16 41 45
03 10 15 23 41 53
01 10 30 44 45 50
21 26 36 38 40 50
15 19 24 51 53 55
01 07 08 09 39 43
12 29 42 48 54 55
01 20 29 31 43 53
21 22 29 37 41 50
08 10 19 25 36 46
09 25 26 30 42 54
16 22 28 29 35 43
01 02 21 24 50 52
11 14 32 36 42 48
05 07 24 32 45 49
08 16 23 28 44 49
04 05 07 17 20 38
04 10 32 37 47 52
02 06 13 22 40 48
14 17 18 23 41 52
09 20 27 31 48 49
01 02 17 46 47 49
15 20 23 28 39 49
03 14 28 35 50 52
11 40 43 46 49 55
01 08 24 33 34 41
01 30 38 45 48 50
09 13 14 15 54 55
05 27 35 39 46 52
03 07 31 43 51 53
20 21 39 42 51 53
07 09 17 25 31 32
12 24 33 34 36 53
01 22 25 31 36 48
04 29 35 37 42 54
02 10 14 26 45 54
02 10 26 27 31 38
04 17 19 35 49 55
16 18 41 43 46 55
17 18 24 40 41 46
23 26 29 31 36 54
12 19 22 29 32 46
01 07 20 23 25 38
23 27 33 37 39 49
16 32 33 37 40 48
03 16 23 24 38 42
02 06 08 34 39 43
01 09 26 38 54 55
03 06 29 37 44 49
13 31 38 45 53 55
33 35 45 52 53 55
04 05 08 17 35 47
24 25 26 29 36 48
07 12 28 31 40 44
09 13 17 18 46 50
03 15 18 25 26 29
05 07 17 22 32 33
11 21 26 32 51 52
11 16 18 26 46 47
09 23 25 39 52 53
04 13 23 27 29 35
03 15 32 45 48 54
14 15 21 30 44 47
16 17 31 37 41 52
02 08 19 23 25 33
06 08 13 23 46 55
17 18 21 39 40 43
11 31 33 43 48 51
03 12 23 24 30 33
30 32 34 47 48 49
04 15 22 24 43 51
02 30 45 48 49 53
06 10 16 20 27 29
08 15 18 21 24 49
04 19 23 34 38 50
05 14 22 27 31 40
11 13 28 34 44 47
07 31 33 37 46 52
11 18 34 37 50 53
21 24 33 37 40 46
11 16 22 25 30 40
01 05 27 31 47 50
06 11 16 17 41 55
11 12 24 32 41 48
03 09 15 20 39 49
24 29 32 33 49 55
16 17 31 33 42 44
29 30 36 38 45 52
06 10 34 46 48 51
07 33 36 39 51 55
09 12 14 23 32 46
14 18 27 38 39 53
10 11 15 32 40 48
02 10 15 31 39 48
05 22 28 42 49 54
02 08 20 21 28 36
08 18 20 29 34 37
04 11 15 21 24 27
09 11 12 24 35 43
13 17 28 42 45 49
04 06 07 26 40 44
02 05 28 30 46 50
08 21 32 43 48 53
03 32 35 46 47 49
01 08 17 28 40 50
02 03 06 13 14 17
08 12 29 35 51 54
03 07 12 32 34 55
03 07 28 32 33 37
03 09 12 17 34 42
05 06 16 42 48 51
10 27 46 50 51 55
05 16 17 37 46 49
12 21 23 44 47 48
05 28 29 34 42 46
01 11 22 34 42 47
02 05 10 17 35 41
01 03 06 13 21 30
16 23 29 31 45 48
08 09 15 21 44 49
01 12 22 27 30 39
03 11 15 42 44 54
14 17 20 23 25 45
19 22 23 43 47 53
22 28 31 39 52 53
03 05 19 22 29 39
03 25 26 32 41 47
13 16 21 40 49 52
12 22 26 29 45 47
09 23 33 40 44 49
17 22 24 28 37 44
03 10 11 25 40 54
03 05 23 28 35 44
10 23 27 42 51 52
03 05 12 20 25 33
10 13 16 23 30 49
09 13 23 27 39 42
03 06 09 31 48 54
01 05 11 37 39 44
02 11 14 36 49 55
14 17 49 52 53 55
01 09 15 17 25 26
08 17 24 33 34 44
03 08 16 35 39 52
03 09 17 21 23 51
05 20 33 42 43 50
08 36 42 43 50 52
02 19 21 27 37 46
23 31 37 45 49 54
10 11 38 47 53 55
03 05 09 11 45 48
12 22 31 35 40 47
07 13 14 26 42 54
04 06 13 22 29 30
13 14 22 34 35 55
13 29 42 46 51 53
01 14 22 40 52 55
31 35 38 44 49 55
20 27 33 43 53 54
15 20 26 41 45 55
10 19 20 28 34 44
11 23 27 35 36 46
20 27 28 32 47 50
02 14 15 44 46 50
01 12 17 34 48 49
08 15 26 41 43 53
05 08 14 28 37 40
12 18 22 29 32 52
03 10 11 15 29 34
16 19 30 39 43 52
08 09 16 34 42 43
04 15 19 34 40 42
01 02 03 20 46 48
01 15 23 51 53 55
02 14 20 33 41 47
18 24 31 34 35 44
09 16 26 34 44 49
18 21 25 35 44 53
10 18 22 24 35 40
08 28 32 35 40 45
07 18 32 42 46 53
03 09 30 41 46 52
15 19 28 40 44 48
03 23 37 43 44 49
03 15 18 35 50 54
01 04 09 20 22 26
16 26 29 38 47 51
01 20 30 41 46 50
10 14 19 36 48 49
01 08 31 32 37 55
09 13 20 21 36 43
16 29 32 33 52 53
07 08 15 24 26 48
08 10 12 24 40 44
20 21 22 31 43 45
16 22 23 33 36 38
01 11 22 26 33 51
03 05 13 40 41 45
02 10 16 17 33 36
01 02 03 17 26 53
03 06 07 08 09 49
19 21 48 49 54 55
06 11 20 22 26 28
06 11 15 21 30 40
08 28 30 33 40 43
06 10 13 18 29 38
11 12 29 31 37 53
13 21 33 42 53 55
04 12 35 44 50 55
15 22 31 32 33 37
17 31 33 34 37 40
10 24 31 41 42 47
18 20 24 26 33 41
10 13 30 36 51 54
02 08 10 23 27 35
02 05 13 20 30 49
06 09 15 22 29 53
13 23 40 45 52 55
24 31 45 46 47 54
09 15 23 41 49 51
01 09 23 28 42 54
03 14 34 35 40 49
09 29 32 44 49 53
06 10 19 31 34 43
02 09 33 45 52 54
04 05 14 46 52 54
05 29 36 39 46 53
04 17 25 40 42 51
06 09 15 26 35 38
05 23 29 45 50 52
04 12 19 31 33 40
04 24 29 31 39 41
15 18 25 32 42 52
05 10 21 32 39 52
03 31 34 41 52 53
02 03 25 33 44 50
03 08 12 21 32 51
01 18 39 45 48 49
13 24 25 26 27 30
09 11 19 20 26 42
01 06 17 18 21 41
07 17 36 42 43 50
04 08 16 27 32 40
19 25 31 32 39 47
09 11 24 26 38 53
10 30 38 48 54 55
04 07 16 17 30 39
19 20 34 40 49 51
16 22 29 33 46 47
10 11 12 23 27 48
13 20 23 32 51 52
13 14 29 35 41 55
20 24 27 30 33 45
07 17 31 35 38 46
06 09 19 39 50 54
18 29 32 33 45 49
10 36 42 44 45 54
03 14 26 38 43 47
02 08 22 34 39 41
02 05 23 30 42 45
12 33 39 40 48 53
07 12 38 43 51 55
04 08 21 23 40 43
05 22 38 41 47 49
04 07 08 26 37 44
10 29 30 31 37 51
08 36 39 43 48 50
04 17 42 51 53 55
21 39 48 51 53 55
09 12 29 46 48 53
05 11 14 34 51 53
01 10 21 26 42 43
02 16 26 27 36 40
09 14 23 41 45 50
18 20 22 50 51 53
12 15 16 31 43 55
18 19 22 37 47 48
02 15 34 35 48 50
03 06 16 17 44 50
01 12 19 37 44 52
01 03 06 25 29 41
10 17 24 27 36 39
09 12 16 36 41 55
06 08 18 22 49 52
19 21 33 35 38 40
21 24 35 38 42 47
07 29 30 45 50 55
07 19 38 41 42 47
01 18 26 28 53 55
08 09 10 32 44 50
21 29 36 41 50 52
09 11 16 27 35 40
07 18 38 42 47 51
05 20 33 42 43 49
01 09 15 42 49 50
03 30 33 34 40 47
04 05 14 19 22 37
18 22 25 28 29 34
05 08 20 34 37 42
03 16 30 34 50 55
05 06 12 18 23 54
10 17 26 28 29 32
02 22 26 28 44 55
12 14 26 29 33 40
04 14 26 42 44 55
08 11 16 22 42 54
17 20 21 29 52 54
08 11 17 19 25 47
03 04 17 39 50 51
10 11 26 33 44 46
13 18 19 23 32 43
14 31 45 47 52 54
09 15 18 25 31 49
01 20 24 33 40 55
12 18 28 30 47 50
02 03 11 23 35 54
06 10 20 47 52 55
13 18 34 36 45 49
09 12 19 25 41 54
04 14 18 21 32 53
25 28 32 34 35 39
26 36 37 38 42 49
27 32 36 37 47 48
01 03 20 33 36 51
07 24 32 49 51 54
05 13 21 36 39 48
03 11 21 29 47 55
09 17 23 26 51 54
14 15 31 40 43 49
08 09 34 40 41 54
05 11 21 30 40 48
23 25 30 36 45 52
02 14 19 24 27 34
12 20 25 38 39 40
01 14 18 43 49 50
03 35 41 42 43 49
10 12 14 17 29 53
03 09 20 21 33 52
07 08 11 31 35 36
01 10 11 13 27 55
12 19 40 41 43 53
04 18 24 30 53 55
04 06 10 16 30 46
12 31 32 33 39 41
02 06 09 16 43 53
01 04 13 15 18 20
09 19 28 30 32 54
18 19 30 39 45 46
01 08 25 34 38 44
07 23 29 47 51 55
19 35 38 49 52 55
05 15 16 19 49 55
02 15 22 25 30 46
04 13 27 47 50 55
11 12 23 24 34 47
01 04 08 21 44 49
12 13 41 42 48 53
04 19 31 42 48 55
06 12 16 34 39 54
08 12 24 32 35 51
01 03 08 22 42 48
03 21 25 32 35 52
07 09 11 30 43 53
02 15 16 23 33 54
05 18 27 45 50 54
05 09 33 43 44 50
02 18 28 46 52 54
09 10 12 19 27 40
02 06 38 47 50 53
05 11 18 19 20 21
04 10 20 38 48 53
03 09 10 18 29 45
07 24 32 35 48 50
03 10 11 17 26 54
03 04 06 14 20 38
05 22 32 34 43 51
02 05 11 20 24 32
03 13 22 28 30 53
06 14 31 37 38 44
04 12 31 47 49 52
02 19 21 34 54 55
03 11 20 34 44 54
06 07 16 26 29 54
13 18 29 30 40 47
10 15 20 21 32 51
02 05 21 24 26 27
03 12 24 26 36 43
02 12 33 39 52 53
03 25 28 44 49 54
01 11 29 30 41 51
22 41 44 46 51 52
14 18 28 32 33 36
01 20 24 26 35 51
21 35 36 38 44 47
01 04 14 28 35 53
11 22 24 47 49 53
07 09 18 22 35 54
09 12 19 22 31 46
22 47 48 52 53 55
18 25 27 37 45 50
20 21 24 30 31 44
13 14 15 17 26 53
01 05 28 43 44 53
04 07 08 29 31 41
05 08 15 18 36 45
12 28 41 42 52 53
07 10 13 15 40 48
01 06 07 13 30 55
03 06 07 19 38 54
12 14 22 23 39 44
11 14 29 32 33 40
10 18 20 21 26 51
05 10 47 50 53 54
12 19 28 29 52 53
08 38 41 47 50 52
03 14 25 37 49 54
08 33 38 47 49 54
02 03 12 21 24 38
12 21 22 27 41 50
03 31 33 36 38 39
09 11 14 16 21 23
08 18 19 20 43 54
02 22 27 46 48 52
01 02 06 18 34 51
12 28 30 33 45 52
02 05 19 39 48 53
04 20 22 25 43 47
05 11 15 34 44 48
06 17 27 34 36 51
12 15 23 28 45 48
08 14 19 20 49 51
04 07 19 20 22 53
18 19 29 31 36 52
01 20 36 44 45 49
06 10 12 24 34 43
05 19 32 41 42 45
10 28 29 30 37 38
02 17 32 33 38 45
03 31 34 36 44 54
03 14 32 36 41 46
10 11 13 35 38 49
15 25 27 35 40 48
14 20 32 34 37 49
10 11 16 29 35 38
11 19 34 41 44 48
01 24 33 41 43 51
04 08 11 15 17 41
02 15 25 27 37 51
07 19 23 26 35 45
05 07 09 22 42 54
07 11 22 38 48 51
10 19 24 29 46 48
19 23 29 34 44 53
01 04 42 44 46 50
13 15 28 29 32 44
05 22 25 43 48 53
09 20 22 31 47 52
12 31 39 41 45 55
07 16 32 42 44 47
03 04 16 34 40 55
02 07 17 18 21 29
04 13 31 36 40 54
28 43 44 50 51 53
06 22 32 33 35 53
15 20 21 29 31 41
03 11 14 31 34 42
04 10 11 21 23 44
02 05 10 22 26 47
01 02 04 32 34 39
16 19 21 23 30 48
09 19 32 40 45 51
06 11 24 30 50 52
23 29 45 46 49 51
02 09 21 23 33 41
18 24 34 39 46 55
15 18 29 35 47 54
04 05 12 25 43 44
07 19 20 23 36 55
03 31 45 46 49 54
17 24 38 41 46 54
16 18 20 25 35 36
09 13 17 33 34 53
19 20 24 29 36 39
05 11 17 20 26 37
02 11 17 19 47 51
13 18 24 34 38 54
02 04 34 38 41 55
27 33 34 38 46 48
08 11 16 22 28 30
12 13 16 17 27 47
25 33 39 45 49 55
05 08 27 42 47 51
04 15 16 29 42 46
18 25 38 43 47 51
05 11 17 25 39 48
01 04 05 21 25 44
03 09 22 26 32 37
03 09 23 33 42 44
03 07 14 22 41 42
07 24 45 48 49 53
15 19 24 31 44 53
14 23 26 37 42 51
01 14 41 44 46 53
13 24 25 35 39 41
01 05 06 13 23 27
06 07 22 32 38 47
07 10 12 19 42 54
15 27 37 45 46 52
06 10 33 35 36 43
03 07 18 22 40 46
02 11 31 37 43 55
06 12 14 27 43 45
04 08 21 24 26 47
14 22 25 39 41 52
16 28 33 41 42 54
11 22 24 27 43 54
04 16 17 20 27 44
11 18 21 22 30 55
18 23 38 41 44 55
01 03 07 13 28 45
03 09 32 33 41 43
03 16 17 24 41 44
06 16 17 20 49 52
05 14 24 36 44 55
04 15 28 30 49 52
04 25 30 38 50 55
17 20 22 24 30 54
03 32 34 42 44 54
07 08 17 37 47 48
05 11 18 27 34 43
03 04 12 16 30 50
02 07 11 21 31 42
02 08 11 13 17 26
02 20 24 39 46 53
05 09 12 20 43 51
22 24 27 37 38 48
02 04 07 18 30 35
11 13 20 51 53 55
10 16 26 27 34 48
07 20 37 47 51 53
01 08 12 26 28 45
11 12 32 42 43 51
19 30 35 43 47 55
06 08 10 23 39 44
08 17 20 36 39 44
17 22 30 40 43 44
10 16 40 43 45 46
03 14 15 21 47 52
15 24 25 40 42 50
06 07 21 25 27 49
07 20 27 43 48 51
07 22 25 40 49 50
18 23 26 32 46 49
05 06 22 26 49 51
11 16 17 19 38 43
06 15 21 24 45 55
01 22 25 38 39 54
14 17 31 33 42 50
09 21 24 30 41 44
09 17 22 28 50 55
03 09 25 29 46 50
03 19 32 36 41 51
05 11 19 26 28 33
21 24 29 34 39 53
02 04 06 13 31 35
31 36 40 44 50 53
37 38 42 46 47 55
05 10 15 31 32 50
23 31 41 48 49 51
12 25 26 47 51 53
03 35 37 41 45 49
18 22 29 33 46 48
08 19 27 34 46 51
18 30 32 37 39 40
06 10 29 30 31 51
05 07 09 28 38 55
16 18 24 29 33 41
02 05 07 21 31 37
12 21 23 28 33 46
06 23 28 31 44 48
07 09 31 32 36 49
04 06 22 32 34 53
03 14 33 40 41 50
08 13 17 22 42 51
10 16 19 24 39 50
19 24 30 41 43 49
04 06 19 26 38 41
23 25 28 49 52 54
08 22 29 43 45 54
06 08 23 25 33 35
03 08 09 40 44 48
09 25 27 32 37 46
04 25 28 32 33 55
11 17 22 28 39 49
04 08 14 21 30 49
06 17 37 41 48 50
12 25 26 28 33 46
07 12 17 26 37 46
20 26 41 46 47 48
06 15 16 33 41 43
08 21 32 34 41 46
02 06 16 29 37 42
02 16 17 20 31 51
01 26 31 36 40 46
06 10 17 23 25 38
13 18 22 35 42 43
01 17 23 29 44 45
12 15 21 28 32 40
03 15 26 35 43 52
04 08 12 42 44 51
05 07 14 24 29 36
05 24 40 42 46 54
01 11 14 33 46 48
09 16 19 23 25 39
02 15 25 30 31 32
05 08 30 36 49 51
15 19 25 42 51 53
04 10 16 25 26 43
05 12 15 25 43 48
03 23 25 39 47 48
01 03 08 16 19 36
12 16 18 26 30 45
06 14 24 28 33 52
01 06 12 21 37 49
08 20 24 37 51 55
01 14 18 28 47 49
05 09 16 35 45 46
01 06 16 30 34 55
05 11 32 35 40 52
05 24 34 39 42 49
32 38 42 44 47 55
05 18 26 36 43 44
06 14 15 25 29 32
02 03 19 28 42 45
11 18 20 22 25 40
01 05 09 34 37 45
04 08 39 41 53 55
02 07 13 28 29 34
21 24 27 34 38 42
03 27 36 41 49 55
14 22 24 25 43 49
08 24 25 32 37 44
11 23 51 52 53 54
01 22 38 48 49 53
27 29 33 39 47 53
15 32 33 36 43 46
12 18 41 43 47 51
09 18 24 43 44 50
02 28 30 43 44 55
11 17 25 29 45 48
03 06 31 40 47 54
19 32 38 40 45 48
18 31 32 46 50 52
04 30 32 39 41 53
33 36 38 42 43 46
04 10 15 16 47 51
07 11 28 30 33 50
03 17 27 30 34 49
16 17 21 28 39 50
30 31 35 43 48 50
10 18 23 25 45 47
02 15 26 32 35 36
09 13 21 40 51 54
06 27 43 44 45 47
09 13 19 21 34 51
10 22 23 34 46 54
14 17 31 35 37 40
05 22 30 32 38 55
05 11 15 19 29 31
06 26 39 40 46 47
05 07 12 26 29 44
18 24 32 43 48 55
05 21 24 47 52 55
12 13 24 25 39 41
11 25 29 37 39 52
06 13 18 27 34 46
08 09 33 34 35 52
02 20 33 45 51 55
27 28 29 39 40 54
05 08 09 13 14 47
05 06 17 28 29 39
01 04 24 35 44 47
02 05 28 40 47 48
08 09 20 41 48 54
06 21 27 41 51 53
09 10 36 41 51 55
01 12 21 34 48 55
19 28 29 30 33 36
17 18 28 47 50 53
23 27 31 37 38 42
06 16 29 32 42 51
13 21 31 41 44 45
19 30 35 40 49 53
01 05 07 10 25 48
02 13 19 29 30 32
04 14 18 39 50 53
11 22 31 33 40 46
01 05 27 43 52 54
09 13 23 32 36 52
02 08 15 19 35 38
09 10 21 40 41 48
03 08 19 30 41 52
05 08 19 34 40 49
08 27 32 43 53 54
12 14 19 29 44 47
01 12 21 28 30 44
01 04 05 17 42 47
11 13 23 27 37 43
15 32 33 37 42 54
14 15 16 22 23 29
05 11 12 22 43 45
06 08 19 20 47 53
11 17 23 34 41 51
11 26 34 40 46 52
12 13 43 48 51 52
08 15 16 39 45 51
06 30 36 39 44 46
15 21 27 34 37 53
17 19 35 42 51 52
08 18 20 22 42 46
01 07 10 17 19 30
01 03 10 13 15 20
03 09 20 23 31 54
08 13 24 28 29 33
10 19 22 25 47 53
12 27 33 44 48 50
08 11 14 27 38 45
08 18 23 30 35 42
04 20 26 36 47 51
01 19 25 27 38 42
03 15 22 39 46 48
03 09 21 22 26 35
04 06 18 27 52 53
08 23 24 48 49 52
02 13 16 18 41 42
11 14 29 31 52 54
16 17 27 48 52 53
01 11 25 44 45 46
06 30 36 41 49 55
02 12 13 18 33 44
10 22 31 37 41 52
02 25 38 50 51 55
01 02 29 34 41 42
02 06 09 20 31 35
14 26 35 43 45 48
05 19 22 23 30 44
11 12 13 14 23 55
06 08 33 37 38 51
10 15 36 42 45 52
09 13 24 43 47 48
05 12 34 37 47 49
03 04 09 15 33 54
05 12 14 19 46 51
05 14 37 45 47 55
05 17 24 30 43 53
01 09 20 36 44 50
03 21 32 33 38 52
03 05 10 12 29 30
08 15 18 20 33 41
09 22 23 29 38 47
10 11 31 32 38 52
03 10 23 29 34 53
02 06 08 27 41 46
06 27 29 32 39 52
01 10 29 30 49 50
04 13 45 48 52 54
01 09 33 37 43 45
01 05 07 08 20 22
11 23 26 29 43 50
04 12 15 21 30 44
12 16 29 31 39 48
01 02 14 21 38 51
02 13 14 30 43 55
01 03 23 24 43 48
09 13 23 36 38 54
08 22 25 27 39 50
12 22 28 34 53 54
13 23 25 30 35 44
14 15 18 20 27 35
06 23 34 48 50 55
18 24 32 33 51 53
07 17 31 43 45 49
04 07 22 33 40 49
17 18 28 40 49 54
06 21 24 41 50 53
06 11 14 21 30 32
12 34 39 44 49 55
13 28 41 42 47 51
07 10 12 33 52 54
17 33 36 46 50 52
10 14 16 18 37 49
22 26 28 37 39 48
01 34 35 36 42 43
17 18 30 40 51 55
07 11 32 35 42 51
09 18 23 24 48 52
06 10 19 23 25 28
08 28 38 39 41 45
02 09 12 24 41 53
04 11 18 25 33 45
13 30 32 35 45 52
01 11 22 28 34 42
07 09 13 22 44 47
01 03 19 33 34 51
22 24 35 43 45 54
19 24 30 34 40 44
13 14 21 23 30 41
01 14 21 36 48 53
26 27 35 36 47 54
15 16 19 31 33 46
04 06 08 18 39 43
01 14 24 28 40 46
03 18 40 41 46 47
23 28 29 36 38 41
01 14 23 27 44 50
03 36 38 43 51 53
10 17 27 32 35 41
04 14 18 27 47 50
10 11 25 39 46 55
07 13 23 34 38 40
07 23 26 31 35 53
02 11 14 35 43 51
08 09 16 20 50 53
02 12 15 16 27 28
01 11 12 28 46 54
13 33 36 38 45 50
04 13 14 23 33 50
07 12 29 39 46 55
08 11 23 43 44 48
24 40 44 46 47 49
03 04 30 34 36 49
02 16 31 37 38 48
10 11 19 28 42 47
05 34 36 38 47 50
09 15 23 25 27 34
12 23 42 44 51 52
03 11 13 31 33 45
16 23 25 26 29 40
04 18 22 25 33 48
03 12 22 25 37 39
22 34 40 47 49 51
05 06 19 20 40 45
04 14 31 42 47 49
13 24 39 43 45 52
05 12 25 39 40 53
01 05 25 32 51 52
07 09 13 22 27 42
02 03 06 34 35 36
01 10 20 41 42 50
05 08 24 38 50 51
01 08 20 25 35 53
23 33 37 43 45 46
12 15 32 44 46 51
02 06 19 29 34 48
01 04 36 42 45 54
13 20 32 37 43 49
26 31 32 39 45 55
06 10 20 22 50 52
25 27 42 51 54 55
17 29 35 40 51 52
16 26 33 34 41 43
20 27 36 43 45 47
14 20 24 27 41 44
04 23 36 45 47 50
03 13 19 30 38 44
03 15 27 29 37 48
01 21 33 46 47 53
04 13 36 40 43 52
06 23 26 37 44 46
05 08 09 20 36 50
13 22 33 41 46 47
01 23 29 37 51 55
11 16 24 34 47 52
12 20 26 33 40 44
14 22 32 37 43 48
11 14 25 44 46 47
10 16 17 28 37 42
09 15 17 21 26 36
14 35 37 47 48 50
12 18 20 28 35 52
08 17 24 34 39 48
02 03 04 19 41 42
04 09 12 15 22 38
03 05 10 18 44 49
01 07 10 14 28 29
03 07 16 37 39 51
04 06 26 33 52 55
07 09 10 17 25 53
10 24 47 48 52 55
09 13 21 28 50 54
01 10 20 37 48 51
02 04 19 32 35 39
09 13 28 33 50 53
06 09 26 27 34 47
06 07 16 21 34 50
01 12 23 43 48 52
13 15 21 26 34 35
11 14 15 24 34 53
09 31 39 41 47 48
22 32 39 46 48 49
10 14 17 27 29 40
20 28 30 40 45 52
09 17 29 32 38 52
02 05 18 31 37 45
07 34 37 43 52 54
15 17 21 24 34 46
16 32 45 50 52 53
02 23 32 44 51 52
01 05 07 23 35 42
09 14 18 20 27 43
12 20 33 38 40 52
06 25 29 34 49 54
13 27 32 48 49 51
13 17 35 38 42 48
06 12 38 41 46 55
03 10 13 40 49 52
02 07 10 22 32 40
04 06 07 13 18 26
08 19 27 34 46 51
22 31 35 36 38 42
08 17 22 31 34 49
03 07 08 18 21 26
08 12 17 27 38 55
34 46 50 51 52 55
08 19 24 31 35 55
01 03 22 27 38 40
01 04 06 08 24 35
04 11 20 38 52 53
01 19 21 31 50 55
12 19 21 23 28 54
13 20 33 47 53 54
11 13 22 36 46 49
11 14 18 20 22 43
21 25 26 29 41 51
08 36 42 43 44 55
06 25 39 45 46 55
12 13 41 48 49 53
03 10 13 30 40 52
01 08 13 16 38 44
01 07 18 26 38 49
14 17 27 38 54 55
01 12 18 20 51 52
03 08 12 25 47 48
09 13 20 30 39 54
04 12 27 44 46 51
03 06 15 25 33 43
29 36 37 38 40 42
03 05 32 40 46 50
01 21 23 33 43 54
02 06 35 43 45 47
01 34 39 40 49 53
13 19 27 38 41 54
07 12 38 43 48 55
13 16 26 46 49 54
30 32 33 36 42 48
05 27 35 45 49 55
21 26 35 41 44 52
03 16 21 36 37 40
19 23 25 43 46 54
05 17 36 40 46 50
20 25 27 39 45 55
12 18 20 25 27 52
01 02 14 32 33 41
08 12 42 47 51 52
15 22 38 39 43 53
01 25 29 37 40 54
04 07 08 12 23 31
06 24 30 31 47 49
01 02 07 10 13 19
18 26 38 39 47 51
13 16 32 33 35 43
13 16 21 30 32 39
08 39 45 47 49 51
05 10 14 20 26 51
20 23 27 36 38 44
01 10 29 34 43 55
17 25 31 35 41 42
01 05 09 13 18 27
07 21 22 41 43 46
11 15 32 34 46 48
07 08 50 52 53 54
10 19 20 29 34 41
08 10 12 22 25 55
06 08 09 28 33 53
01 02 11 21 22 23
02 12 13 33 44 52
20 31 34 36 47 52
10 13 28 35 40 42
12 18 32 40 51 53
34 39 40 42 54 55
12 17 21 25 33 40
18 23 25 37 39 40
02 06 22 23 38 51
09 17 21 48 53 55
07 20 34 36 41 46
22 34 44 46 54 55
01 07 42 43 48 51
10 23 32 37 48 55
09 26 40 44 45 50
08 16 20 30 34 43
04 28 35 38 39 45
05 24 26 27 29 54
11 18 20 32 41 46
02 17 20 21 22 23
05 06 29 31 37 48
08 11 21 29 38 55
24 33 38 40 42 51
08 10 11 14 38 48
15 20 23 29 34 46
05 11 20 39 46 53
15 23 37 38 45 49
03 08 31 36 39 47
02 12 25 32 51 54
14 32 34 41 47 54
04 09 22 24 45 54
03 08 09 22 26 55
01 06 11 17 24 31
03 18 29 39 41 49
02 11 13 32 41 48
03 18 22 41 43 44
18 21 34 40 42 53
02 10 17 27 50 52
03 07 14 17 48 50
04 05 06 29 32 44
29 34 35 38 50 51
04 25 41 42 46 52
11 14 15 26 38 41
09 22 31 39 43 51
15 21 23 26 31 43
05 17 31 39 46 53
05 19 27 29 42 47
14 17 19 28 47 51
05 16 20 29 30 31
02 09 19 20 34 54
09 31 36 46 49 54
06 09 33 39 50 51
11 14 24 26 34 51
01 21 29 35 41 45
12 25 37 40 49 52
16 22 33 37 39 51
06 10 17 34 41 48
15 22 31 40 42 51
04 12 25 39 48 51
08 11 16 32 40 43
01 16 24 28 38 53
01 20 24 26 38 41
10 19 33 39 47 54
16 21 29 41 42 47
16 17 22 24 29 37
11 15 26 45 52 55
01 09 12 18 37 44
03 10 19 20 21 24
02 14 27 30 53 54
13 16 32 39 49 51
04 16 29 30 35 51
17 20 27 32 44 51
06 18 33 38 41 48
06 19 36 42 53 55
08 13 29 36 42 43
04 10 18 22 41 45
04 10 30 36 40 53
04 05 09 16 22 39
18 21 31 39 50 53
10 25 26 29 37 46
03 11 12 24 33 40
08 16 34 37 47 50
01 03 26 31 37 41
11 18 22 28 51 52
11 18 22 49 50 51
14 21 40 42 48 51
05 08 24 28 34 52
01 20 34 38 45 47
07 17 29 51 52 55
01 11 31 43 48 54
11 22 28 44 48 49
01 09 18 21 35 40
02 08 23 26 42 47
22 37 38 47 51 55
12 13 30 38 40 47
13 17 20 27 36 54
01 02 07 22 23 46
01 07 11 24 29 30
05 09 21 31 43 53
15 17 34 37 39 45
05 14 27 43 45 53
05 10 21 26 43 51
10 38 41 43 45 48
01 16 18 30 31 44
07 13 21 43 52 53
01 34 39 40 42 50
02 08 29 30 50 55
11 13 24 28 36 41
02 23 42 50 52 54
14 23 29 30 35 40
13 25 32 36 41 53
14 19 21 24 26 48
14 15 29 33 39 47
24 26 34 42 50 51
13 23 29 32 41 42
03 07 34 41 43 53
10 13 36 37 40 43
03 14 19 37 42 55
08 23 24 27 42 49
01 17 20 38 41 52
05 11 15 32 42 49
10 25 37 40 41 48
01 02 15 39 40 47
03 15 16 31 48 52
14 15 18 23 28 33
03 17 19 41 45 50
15 19 21 26 42 47
12 16 25 28 30 39
08 14 29 37 39 50
07 16 19 28 34 51
03 07 24 39 54 55
06 09 13 44 49 54
02 07 26 29 41 50
19 27 44 45 47 52
03 09 14 41 47 55
19 20 27 30 45 55
04 12 18 19 44 48
09 37 42 45 46 50
06 24 41 45 49 55
02 11 14 16 27 38
14 21 33 37 46 49
12 17 21 46 48 52
03 06 21 29 40 41
06 08 16 18 34 44
11 12 22 26 41 47
07 13 18 22 32 44
03 05 09 10 16 47
06 10 15 43 44 53
03 09 18 20 30 53
01 14 16 27 40 51
08 11 13 20 45 50
03 11 12 14 27 33
18 19 29 31 45 54
03 15 22 45 51 55
23 24 32 42 48 50
12 33 34 42 44 53
02 34 39 41 45 52
18 26 31 32 36 48
13 18 33 40 48 53
08 09 20 36 39 44
09 10 15 28 33 44
05 10 24 29 30 34
05 26 28 29 33 54
04 08 23 43 45 51
05 17 31 42 46 49
12 24 29 33 34 35
08 41 45 51 52 53
06 24 31 32 39 48
05 09 16 36 43 51
01 06 24 37 40 55
06 10 17 18 32 35
14 23 32 36 47 48
01 14 31 34 36 47
05 09 17 35 40 41
01 09 26 34 44 50
22 30 38 44 48 55
06 13 28 30 35 52
02 17 19 24 30 44
09 16 22 25 30 51
09 19 23 42 49 53
09 11 19 22 34 43
16 20 21 31 40 52
06 16 46 49 51 55
02 07 15 18 24 27
17 19 28 39 43 53
02 03 08 27 38 55
08 13 14 19 36 43
08 18 19 34 41 46
05 17 30 31 38 53
08 13 19 24 39 46
17 23 34 39 46 52
01 02 20 24 27 42
22 33 35 36 38 40
19 22 35 37 43 45
07 11 21 22 39 42
03 07 26 43 44 46
08 09 16 26 37 55
14 15 24 26 27 45
05 16 19 21 38 43
03 11 12 14 22 40
08 10 21 48 49 50
03 05 11 13 24 27
06 08 10 22 25 54
20 23 35 41 47 55
07 11 28 29 31 33
15 27 29 31 36 43
16 20 29 33 36 49
14 16 19 22 27 44
11 20 28 41 47 54
01 15 30 38 40 43
02 30 33 35 42 54
07 12 18 22 30 49
03 12 19 20 31 42
08 10 19 29 34 46
23 31 32 42 46 48
04 05 10 11 28 35
04 20 24 27 40 48
16 20 24 36 51 54
10 29 32 33 44 53
12 26 34 37 50 52
14 21 26 27 31 43
09 13 21 45 48 55
05 08 12 18 20 38
07 36 37 38 52 55
12 14 29 30 39 55
22 32 33 35 40 41
02 10 16 25 32 38
04 06 32 37 40 48
16 21 30 37 39 40
11 30 35 41 48 55
05 16 29 33 39 42
10 16 17 23 33 36
22 28 29 30 34 47
20 22 36 43 45 50
09 16 30 33 34 38
03 12 25 51 52 55
13 21 31 34 48 55
14 21 23 25 46 48
04 20 26 28 37 41
02 20 21 29 36 50
14 24 25 30 35 53
13 22 32 42 53 54
11 15 22 32 34 54
10 11 14 17 49 53
12 15 18 22 48 53
07 13 16 25 26 55
03 05 13 15 29 46
13 21 22 26 32 55
08 17 19 31 32 46
02 13 26 32 36 42
01 27 30 43 45 46
05 07 26 30 41 45
05 08 18 30 39 54
01 07 10 21 44 51
22 25 31 44 51 54
07 13 27 29 43 50
14 16 35 38 43 51
04 32 41 45 50 52
03 26 31 39 47 54
12 28 36 40 53 55
07 16 27 29 47 52
12 26 28 43 50 54
07 09 17 31 34 36
01 06 40 43 47 53
12 19 25 26 32 45
03 09 10 34 38 44
07 13 21 30 33 42
15 16 22 38 43 48
09 21 32 34 52 53
05 07 10 23 30 54
01 13 23 31 44 53
16 18 22 29 41 53
13 26 29 38 49 53
08 16 22 35 39 47
02 07 15 22 47 52
09 19 20 28 37 39
08 30 36 39 50 53
05 16 17 22 33 53
04 07 10 29 41 46
24 25 34 51 52 53
09 15 21 25 29 50
09 21 22 26 33 51
04 06 08 17 30 50
13 14 33 44 46 50
03 10 32 37 45 55
02 11 22 26 31 38
26 28 39 41 48 55
08 25 32 36 39 47
12 39 40 45 48 53
16 18 20 28 32 34
17 21 22 27 38 49
01 14 15 19 23 34
08 11 21 25 31 53
02 08 20 24 25 42
01 03 05 16 37 51
23 24 28 29 39 43
03 11 16 37 39 41
06 08 18 27 32 34
01 08 17 24 40 48
02 08 19 33 36 47
02 04 05 07 31 40
01 04 14 20 46 49
16 23 26 30 52 53
01 13 28 38 40 46
01 03 08 15 35 55
07 16 21 23 28 52
05 13 18 22 43 44
05 11 28 34 41 42
13 15 18 23 31 43
04 06 25 32 33 44
02 09 10 14 17 49
09 17 20 33 41 42
10 24 30 35 45 51
19 20 33 45 48 53
22 41 45 48 54 55
08 11 22 24 32 39
01 03 08 38 40 55
05 09 27 33 37 50
07 22 23 27 41 44
02 12 24 28 43 49
11 14 16 44 49 55
14 39 40 42 47 54
14 18 23 35 51 55
05 29 33 38 40 45
02 07 19 20 39 50
05 09 27 29 45 46
16 20 25 27 30 50
03 15 18 38 41 48
02 08 29 38 39 51
09 18 19 21 25 36
05 07 13 18 31 40
01 03 11 21 26 44
05 10 15 29 34 45
01 17 41 44 49 55
08 09 16 42 46 47
09 11 24 31 33 47
08 11 14 23 25 54
02 05 28 32 51 53
07 24 31 43 47 54
24 27 32 36 38 47
06 11 25 27 37 45
04 07 11 18 22 25
01 03 09 11 41 46
01 13 23 25 26 28
14 18 21 38 48 52
02 04 13 17 35 36
04 05 13 34 52 55
07 11 13 16 18 54
06 07 18 20 24 27
01 07 12 27 31 52
